0
0
1
100 150
48
100 3
C0 0 1 C0 0 1 C0 0 1
100 3
C0 0 1 C0 0 1 C0 0 1
100 3
C0 0 1 C0 0 1 C0 0 1
100 3
C0 0 1 C0 0 1 C0 0 1
100 3
C0 0 1 C0 0 1 C0 0 1
100 3
C0 0 1 C0 0 1 C0 0 1
100 3
C0 0 1 C0 0 1 C0 0 1
100 3
C0 0 1 C0 0 1 C0 0 1
100 3
C0 0 1 C0 0 1 C0 0 1
100 3
C0 0 1 C0 0 1 C0 0 1
100 3
C0 0 1 C0 0 1 C0 0 1
100 3
C0 0 1 C0 0 1 C0 0 1
100 3
C0 1 0 C0 1 2 C0 1 3
100 3
C0 1 0 C0 1 2 C0 1 3
100 3
C0 1 0 C0 1 2 C0 1 3
100 3
C0 1 0 C0 1 2 C0 1 3
100 3
C0 1 0 C0 1 2 C0 1 3
100 3
C0 1 0 C0 1 2 C0 1 3
100 3
C0 1 0 C0 1 2 C0 1 3
100 3
C0 1 0 C0 1 2 C0 1 3
100 3
C0 1 0 C0 1 2 C0 1 3
100 3
C0 1 0 C0 1 2 C0 1 3
100 3
C0 1 0 C0 1 2 C0 1 3
100 3
C0 1 0 C0 1 2 C0 1 3
100 3
C0 2 0 C0 2 1 C0 2 3
100 3
C0 2 0 C0 2 1 C0 2 3
100 3
C0 2 0 C0 2 1 C0 2 3
100 3
C0 2 0 C0 2 1 C0 2 3
100 3
C0 2 0 C0 2 1 C0 2 3
100 3
C0 2 0 C0 2 1 C0 2 3
100 3
C0 2 0 C0 2 1 C0 2 3
100 3
C0 2 0 C0 2 1 C0 2 3
100 3
C0 2 0 C0 2 1 C0 2 3
100 3
C0 2 0 C0 2 1 C0 2 3
100 3
C0 2 0 C0 2 1 C0 2 3
100 3
C0 2 0 C0 2 1 C0 2 3
100 3
C0 3 0 C0 3 1 C0 3 2
100 3
C0 3 0 C0 3 1 C0 3 2
100 3
C0 3 0 C0 3 1 C0 3 2
100 3
C0 3 0 C0 3 1 C0 3 2
100 3
C0 3 0 C0 3 1 C0 3 2
100 3
C0 3 0 C0 3 1 C0 3 2
100 3
C0 3 0 C0 3 1 C0 3 2
100 3
C0 3 0 C0 3 1 C0 3 2
100 3
C0 3 0 C0 3 1 C0 3 2
100 3
C0 3 0 C0 3 1 C0 3 2
100 3
C0 3 0 C0 3 1 C0 3 2
100 3
C0 3 0 C0 3 1 C0 3 2